%%MatrixMarket matrix coordinate real general
% Written by HIFIR 0.1.0
 2990 2990 44632
1	1	2.0000000000000000e+00
2	2	1.0000000000000000e+01
3	3	2.8383389927788831e-04
3	7	-2.5215484078867806e-05
3	12	-1.6858618168420715e-04
3	16	-1.3168446519941018e-04
3	17	-4.7342390811672597e-05
3	21	-3.5648169631754764e-05
3	29	-9.5551566546343185e-05
3	31	-3.1265541791324999e-05
3	39	-1.9409886123874251e-04
3	48	1.4608000700347135e-05
3	68	1.7462653382716763e-04
3	69	1.1805600502380063e-05
3	70	5.1925261460788203e-06
3	71	7.2261521505446555e-06
3	78	3.1729710316154969e-04
3	79	2.6111677407344416e-04
3	80	1.1304887443590543e-05
3	82	1.1556483043082515e-05
3	83	6.5639322009216149e-06
3	111	4.6272611255745306e-06
3	112	1.6471888980725854e-05
3	113	-6.8523552836126020e-05
3	114	1.0556965663162875e-05
3	115	-7.9648474653504496e-05
3	116	-7.2354491560290985e-05
3	117	-4.4846829369880936e-05
3	118	1.4112679521974007e-05
3	127	-2.5111035815857145e-06
3	128	2.9994641938175984e-06
3	133	3.9161213499071598e-05
3	134	3.2667472975872763e-06
3	137	4.9166187949131708e-06
3	138	-9.7178351625419764e-06
3	140	6.8389577644567487e-06
3	150	-1.3592630249101745e-04
3	152	5.7146184963465200e-06
3	153	-3.2122100216782330e-05
3	163	-1.3648772897959367e-04
3	164	9.2137705542679295e-06
3	165	7.5526141557954267e-06
3	166	3.5572120393953278e-06
3	172	-4.7168380381601373e-05
3	173	3.5409787560369854e-06
3	179	-3.2478409004233249e-05
3	184	4.4987352874231883e-06
3	187	1.6007462479992383e-05
3	188	9.2311886635213563e-06
3	189	5.6247459239639493e-06
3	196	1.0261189058230960e-04
3	197	-7.3814548061430855e-05
3	200	9.4245792547922408e-06
3	229	6.5079223293686499e-06
3	276	1.0844467150177960e-05
3	277	9.5912990344149670e-06
4	4	2.8383389927788831e-04
4	9	-2.5215484078867806e-05
4	12	-1.0726413610189220e-04
4	16	-2.4084734556621042e-04
4	18	-4.7342390811672597e-05
4	24	-3.5648169631754764e-05
4	29	8.9411934655756519e-05
4	34	-3.1265541791324999e-05
4	39	-1.1675143782633463e-05
4	56	1.4608000700347135e-05
4	68	-3.6297186159399219e-04
4	72	5.1925261460788203e-06
4	73	1.1805600502380063e-05
4	74	7.2261521505446555e-06
4	78	4.8955796323147642e-05
4	79	-1.4146970106046185e-04
4	85	1.1304887443590543e-05
4	87	1.1556483043082515e-05
4	88	6.5639322009216149e-06
4	119	-7.2354491560290985e-05
4	120	-7.9648474653504496e-05
4	121	-4.4846829369880936e-05
4	122	1.4112679521974007e-05
4	129	-2.5111035815857145e-06
4	130	2.9994641938175984e-06
4	133	-1.4248188142578468e-05
4	135	3.2667472975872763e-06
4	139	1.6471888980725854e-05
4	141	-6.8523552836126020e-05
4	142	1.0556965663162875e-05
4	143	6.8389577644567487e-06
4	144	4.6272611255745306e-06
4	150	-2.6922927326035202e-05
4	156	5.7146184963465200e-06
4	157	-3.2122100216782330e-05
4	163	1.9205695732614698e-04
4	167	9.2137705542679295e-06
4	168	4.9166187949131708e-06
4	169	-9.7178351625419764e-06
4	174	7.5526141557954267e-06
4	175	3.5572120393953278e-06
4	179	2.3625674561231352e-04
4	180	3.5409787560369854e-06
4	182	-4.7168380381601373e-05
4	185	4.4987352874231883e-06
4	190	1.6007462479992383e-05
4	191	9.2311886635213563e-06
4	192	5.6247459239639493e-06
4	196	3.3871786965644499e-04
4	198	-7.3814548061430855e-05
4	201	9.4245792547922408e-06
4	230	6.5079223293686499e-06
4	278	9.5912990344149670e-06
4	280	1.0844467150177960e-05
5	5	2.8383389927788831e-04
5	11	-2.5215484078867806e-05
5	12	-1.2369289154644185e-04
5	16	2.3216635446524875e-04
5	19	-4.7342390811672597e-05
5	27	-3.5648169631754764e-05
5	29	2.8348040898967488e-04
5	37	-3.1265541791324999e-05
5	39	5.3345979210353087e-05
5	62	1.4608000700347135e-05
5	68	-1.6146081206606935e-04
5	75	5.1925261460788203e-06
5	76	1.1805600502380063e-05
5	77	7.2261521505446555e-06
5	78	-8.2362368858924004e-05
5	79	3.1887811824019116e-04
5	90	1.1304887443590543e-05
5	92	1.1556483043082515e-05
5	93	6.5639322009216149e-06
5	123	-7.2354491560290985e-05
5	124	-7.9648474653504496e-05
5	125	-4.4846829369880936e-05
5	126	1.4112679521974007e-05
5	131	-2.5111035815857145e-06
5	132	2.9994641938175984e-06
5	133	-1.8447363609851969e-04
5	136	3.2667472975872763e-06
5	145	1.6471888980725854e-05
5	146	-6.8523552836126020e-05
5	147	1.0556965663162875e-05
5	148	6.8389577644567487e-06
5	149	4.6272611255745306e-06
5	150	-2.4038943471435371e-04
5	160	5.7146184963465200e-06
5	161	-3.2122100216782330e-05
5	163	-8.8911335193273612e-05
5	170	4.9166187949131708e-06
5	171	-9.7178351625419764e-06
5	176	9.2137705542679295e-06
5	177	7.5526141557954267e-06
5	178	3.5572120393953278e-06
5	179	-1.4156837841745857e-04
5	181	3.5409787560369854e-06
5	183	-4.7168380381601373e-05
5	186	4.4987352874231883e-06
5	193	1.6007462479992383e-05
5	194	9.2311886635213563e-06
5	195	5.6247459239639493e-06
5	196	1.3498799598957653e-04
5	199	-7.3814548061430855e-05
5	202	9.4245792547922408e-06
5	231	6.5079223293686499e-06
5	279	9.5912990344149670e-06
5	281	1.0844467150177960e-05
6	7	-6.7434472673680800e-04
6	9	-4.2905654440755672e-04
6	11	-4.9477156618575558e-04
6	17	-5.2673786079761753e-04
6	18	-9.6338938226481425e-04
6	19	9.2866541786096920e-04
6	21	-3.8220626618535772e-04
6	24	3.5764773862301063e-04
6	27	1.1339216359586763e-03
6	31	-7.7639544495494987e-04
6	34	-4.6700575130532686e-05
6	37	2.1338391684140676e-04
6	48	-1.7462653382716532e-04
6	56	3.6297186159398823e-04
6	62	1.6146081206606805e-04
6	69	-2.6111677407344736e-04
6	70	-3.1729710316154687e-04
6	71	8.5715437120409540e-04
6	72	-4.8955796323145670e-05
6	73	1.4146970106046353e-04
6	74	-8.4873730704077742e-05
6	75	8.2362368858923205e-05
6	76	-3.1887811824019507e-04
6	77	1.1327793598347666e-04
6	80	6.9868286467647750e-04
6	82	4.3494710840373841e-05
6	83	-2.8242441264514178e-05
6	85	-7.6400253963299579e-04
6	87	-6.4241952382456486e-04
6	88	-7.4204969408314897e-04
6	90	7.3529265495212641e-05
6	92	8.6482308943164029e-04
6	93	1.1818062639881179e-04
6	111	-2.2132894555051166e-04
6	112	1.3592630249101959e-04
6	113	-5.4370520996407067e-04
6	114	-2.3913616881153835e-04
6	115	6.9850613530864428e-04
6	116	1.0444670962937580e-03
6	117	1.2691884126461751e-03
6	118	9.6588474538471193e-04
6	119	-5.6587880424183710e-04
6	120	-1.4518874463759291e-03
6	121	1.9582318529258328e-04
6	122	-4.7104561463095433e-04
6	123	1.2755124729607417e-03
6	124	-6.4584324826426256e-04
6	125	-3.2944947543568989e-04
6	126	-3.5223516668403258e-04
6	127	-3.9161213499070487e-05
6	128	4.1203404144208070e-04
6	129	1.4248188142578817e-05
6	130	-4.0622263202119094e-06
6	131	1.8447363609852221e-04
6	132	-4.4272741141916682e-04
6	134	2.2115221618269432e-04
6	135	-3.1271705112569006e-04
6	136	-3.8894635801096878e-04
6	137	-2.5538918744579919e-04
6	138	1.5664485399628382e-04
6	139	2.6922927326035653e-05
6	140	-2.2290974868774746e-04
6	141	-1.0769170930414038e-04
6	142	-2.3879213766183857e-04
6	143	-1.2000491908347164e-04
6	144	-3.7516785561725612e-04
6	145	2.4038943471435734e-04
6	146	-9.6155773885740303e-04
6	147	-4.1178870797905094e-04
6	148	-4.4906527859578328e-04
6	149	-3.3042615574850875e-04
6	152	-2.0338755978458077e-04
6	153	-5.4595091591836059e-04
6	156	5.4384373314992878e-05
6	157	7.6822782930456557e-04
6	160	-4.2057568965957247e-04
6	161	-3.5564534077308930e-04
6	164	3.2478409004233534e-05
6	165	-1.6658775519846062e-04
6	166	-6.4507362186416489e-05
6	167	-2.3625674561231013e-04
6	168	-5.2930526250101543e-05
6	169	-5.6992752570313263e-05
6	170	-2.9516713297490305e-04
6	171	-7.3789454439407052e-04
6	172	-1.2991363601693216e-04
6	173	-6.5406273830515775e-05
6	174	1.4195979107213915e-04
6	175	2.5572429855537555e-04
6	176	1.4156837841745835e-04
6	177	-3.4651866850550543e-04
6	178	-3.4894818638310851e-04
6	180	4.0454354157697933e-04
6	181	-2.1732532728672063e-04
6	182	9.4502698244922924e-04
6	183	-5.6627351366982082e-04
6	184	3.6674119181527862e-05
6	185	4.6376738582954271e-04
6	186	-2.1975484516432371e-04
6	187	-1.0261189058230895e-04
6	188	4.1044756232923437e-04
6	189	2.6662954807993647e-04
6	190	-3.3871786965643930e-04
6	191	3.6451586438079398e-04
6	192	4.8786055641086807e-04
6	193	-1.3498799598957471e-04
6	194	5.3995198395830101e-04
6	195	2.4254053641266582e-04
6	197	4.1044756232922586e-04
6	198	1.3548714786257342e-03
6	199	5.3995198395828984e-04
6	200	7.9154683537351593e-05
6	201	-4.9776787028390503e-06
6	202	9.5944267105287355e-04
6	229	1.4381801424929693e-04
6	230	5.2771111666733361e-04
6	231	2.9741144754563031e-04
6	278	6.2405894786442273e-04
6	280	7.0559647192807351e-04
7	3	-2.5215484078867806e-05
7	6	-6.7434472673680800e-04
7	7	2.5488711361788433e-04
7	12	6.7434472673681440e-04
7	16	5.7461198037097677e-06
7	17	-2.6560949738743396e-05
7	31	-4.9714170643837926e-05
7	39	2.2336700018517962e-04
7	48	3.5959038474687394e-06
7	68	-2.2614118401072654e-04
7	83	-2.2247977552216277e-05
7	111	7.2740186069983512e-07
7	112	1.0681982833340198e-05
7	113	-3.0759473067228980e-05
7	114	-2.8896719449977752e-05
7	115	7.2664489718696253e-06
7	140	-4.5793127358078456e-05
7	150	-1.0904829637663419e-04
7	152	-2.2734474124794075e-05
7	153	2.0727358617663689e-05
7	163	1.0607636039847763e-04
8	8	1.0000000000000000e+01
9	4	-2.5215484078867806e-05
9	6	-4.2905654440755672e-04
9	9	2.5488711361788433e-04
9	12	4.2905654440755813e-04
9	16	2.3724904521598808e-04
9	18	-2.6560949738743396e-05
9	34	-4.9714170643837926e-05
9	39	-1.7461863222538384e-04
9	56	3.5959038474687394e-06
9	68	3.2832881699130113e-04
9	88	-2.2247977552216277e-05
9	120	7.2664489718696253e-06
9	139	1.0681982833340198e-05
9	141	-3.0759473067228980e-05
9	142	-2.8896719449977752e-05
9	143	-4.5793127358078456e-05
9	144	7.2740186069983512e-07
9	150	-1.3489783971866269e-04
9	156	-2.2734474124794075e-05
9	157	2.0727358617663689e-05
9	163	-2.5606139026324183e-04
10	10	1.0000000000000000e+01
11	5	-2.5215484078867806e-05
11	6	-4.9477156618575558e-04
11	11	2.5488711361788433e-04
11	12	4.9477156618575905e-04
11	16	-4.4828999148061830e-04
11	19	-2.6560949738743396e-05
11	37	-4.9714170643837926e-05
11	39	-4.3374365463907770e-04
11	62	3.5959038474687394e-06
11	68	1.6510362748854248e-04
11	93	-2.2247977552216277e-05
11	124	7.2664489718696253e-06
11	145	1.0681982833340198e-05
11	146	-3.0759473067228980e-05
11	147	-2.8896719449977752e-05
11	148	-4.5793127358078456e-05
11	149	7.2740186069983512e-07
11	150	6.0983885476141673e-04
11	160	-2.2734474124794075e-05
11	161	2.0727358617663689e-05
11	163	1.0709116386974012e-04
12	3	-1.6858618168420715e-04
12	4	-1.0726413610189220e-04
12	5	-1.2369289154644185e-04
12	7	6.7434472673681440e-04
12	9	4.2905654440755813e-04
12	11	4.9477156618575905e-04
12	17	3.0317699914491594e-04
12	18	6.0586653554147303e-05
12	19	5.0018620847611280e-04
12	31	9.1667495047057033e-05
12	34	2.1764795830124455e-04
12	37	3.9483870270347549e-04
12	48	-2.3050668569894744e-04
12	56	7.7681859596576689e-05
12	62	1.8596656191541177e-05
12	83	4.2277588634819803e-04
12	88	-2.3546245433058027e-04
12	93	4.7164123975973726e-04
12	99	2.8493148951210250e-04
12	103	-4.1260939506276059e-04
12	107	-1.6794820984478956e-05
12	111	9.2202674279576787e-04
12	112	-1.4771322587192755e-04
12	113	3.3195804506438428e-04
12	114	3.8637606665830297e-04
12	115	4.4747012956123993e-04
12	120	4.6839038625957267e-05
12	124	1.6532252825996808e-04
12	139	-1.1553244227941337e-04
12	140	5.9085290348769655e-04
12	141	2.5490275880213527e-04
12	142	1.4537612937228029e-04
12	143	4.6212976911764049e-04
12	144	-3.1072743838630302e-04
12	145	1.5285053463955862e-04
12	146	-1.6077357616563589e-04
12	147	-3.1829824342960791e-04
12	148	-6.1140213855822049e-04
12	149	-7.4386624766164329e-05
12	152	1.6836903427674266e-04
12	153	1.7441678465603271e-04
12	156	2.5432187566903794e-04
12	157	2.7813667953163702e-04
12	160	-1.6631097808113683e-04
12	161	8.9969269097599420e-05
12	239	3.0249991351170716e-04
12	243	-1.6559819537750509e-04
12	247	-4.5064395313794815e-04
12	251	2.2573292627508522e-04
12	252	1.1747468212682850e-04
12	253	-3.4970724908912790e-04
12	255	6.9269734700877072e-05
12	258	1.5218409226500486e-04
12	261	-2.2771423035093091e-04
13	13	1.1000000000000000e+01
14	14	1.1000000000000000e+01
15	15	1.1000000000000000e+01
16	3	-1.3168446519941018e-04
16	4	-2.4084734556621042e-04
16	5	2.3216635446524875e-04
16	7	5.7461198037097677e-06
16	9	2.3724904521598808e-04
16	11	-4.4828999148061830e-04
16	17	5.2673786079763369e-04
16	18	9.6338938226482693e-04
16	19	-9.2866541786098460e-04
16	21	2.4884612331456672e-04
16	24	5.6626345152982840e-04
16	27	-2.6426056663205746e-04
16	31	-1.8347025204786248e-05
16	34	3.1757696977623503e-04
16	37	-3.1769337233751924e-04
16	48	-2.8889050517768287e-04
16	51	8.1918308862242344e-04
16	52	3.6186400996670226e-04
16	56	1.1840568710822886e-04
16	57	-5.7458767589395831e-04
16	58	-4.0170365119187180e-04
16	62	2.8361944867326687e-04
16	63	-1.4899097051095033e-04
16	64	-2.0439380783725768e-04
16	69	-3.5769021203324402e-04
16	73	-8.5117371326653946e-05
16	76	-9.7660919853269235e-05
16	80	8.2655407392998492e-04
16	81	7.4931545163184549e-04
16	82	1.4307608481329425e-03
16	83	1.1555620207107089e-03
16	85	-1.8722487525172130e-04
16	86	-3.4780952861607607e-04
16	87	3.4046948530660559e-04
16	88	-4.7362274843291199e-04
16	90	-2.9641443947501850e-04
16	91	3.4579463836798550e-04
16	92	3.9064367941306680e-04
16	93	-1.1344777946930501e-03
16	99	4.4888979292842545e-05
16	103	-1.8674994291649098e-04
16	107	-4.7329778623997668e-04
16	111	-3.2856063185974748e-05
16	115	2.9148995279544343e-04
16	116	5.2574055088631781e-04
16	119	5.1797442763005836e-04
16	120	2.8771487037753914e-04
16	123	-3.1489786732963310e-04
16	124	-5.1218903794213058e-04
16	144	1.1530577801068098e-04
16	149	-6.3366954738077060e-04
16	200	4.0929977882174761e-04
16	201	5.2840212840368176e-04
16	202	2.6096390079338239e-04
16	211	3.5061184099598766e-04
16	214	1.6959681844727447e-04
16	217	7.8584112646941894e-04
17	3	-4.7342390811672597e-05
17	6	-5.2673786079761753e-04
17	7	-2.6560949738743396e-05
17	12	3.0317699914491594e-04
17	16	5.2673786079763369e-04
17	17	2.9264012655198194e-04
17	21	2.3264667490964024e-05
17	29	7.7126660086754956e-05
17	31	-2.1052990447591775e-05
17	39	4.5217911402595858e-04
17	48	5.6970900539074072e-06
17	68	-2.6324751153092692e-04
17	69	6.9559248821898540e-06
17	79	-5.6923526172668630e-04
17	80	-2.4662475506338855e-05
17	82	-4.2559916406263371e-05
17	83	-1.7698319390089899e-05
17	111	-2.8266453869778583e-05
17	115	2.2621681193189682e-06
17	116	1.6007650470772387e-05
17	200	-3.2256357144446467e-05
18	4	-4.7342390811672597e-05
18	6	-9.6338938226481425e-04
18	9	-2.6560949738743396e-05
18	12	6.0586653554147303e-05
18	16	9.6338938226482693e-04
18	18	2.9264012655198194e-04
18	24	2.3264667490964024e-05
18	29	-3.7673716287005819e-04
18	34	-2.1052990447591775e-05
18	39	-2.6262941058420239e-04
18	56	5.6970900539074072e-06
18	68	4.5433482370561666e-04
18	73	6.9559248821898540e-06
18	79	1.2444509619450792e-04
18	85	-2.4662475506338855e-05
18	87	-4.2559916406263371e-05
18	88	-1.7698319390089899e-05
18	119	1.6007650470772387e-05
18	120	2.2621681193189682e-06
18	144	-2.8266453869778583e-05
18	201	-3.2256357144446467e-05
19	5	-4.7342390811672597e-05
19	6	9.2866541786096920e-04
19	11	-2.6560949738743396e-05
19	12	5.0018620847611280e-04
19	16	-9.2866541786098460e-04
19	19	2.9264012655198194e-04
19	27	2.3264667490964024e-05
19	29	-5.1350920230002850e-04
19	37	-2.1052990447591775e-05
19	39	1.6923980438259472e-04
19	62	5.6970900539074072e-06
19	68	3.9400841154331684e-04
19	76	6.9559248821898540e-06
19	79	-5.4992522210200946e-04
19	90	-2.4662475506338855e-05
19	92	-4.2559916406263371e-05
19	93	-1.7698319390089899e-05
19	123	1.6007650470772387e-05
19	124	2.2621681193189682e-06
19	149	-2.8266453869778583e-05
19	202	-3.2256357144446467e-05
20	20	8.0000000000000000e+00
21	3	-3.5648169631754764e-05
21	6	-3.8220626618535772e-04
21	16	2.4884612331456672e-04
21	17	2.3264667490964024e-05
21	21	3.1204665649299382e-04
21	29	3.8220626618536396e-04
21	31	-3.7969117047728581e-05
21	39	5.5302844476977277e-04
21	69	4.1855623899528172e-06
21	79	-4.1184934650299757e-04
21	82	-2.8765722118419836e-05
21	116	3.1705845495855995e-05
21	153	9.6405609051428983e-06
21	163	9.8082081294085518e-05
21	187	1.3585262420311899e-05
21	188	-2.4967434028581630e-05
21	196	-4.8810730287542113e-04
21	197	-3.5508547323318625e-05
21	200	-2.8199438028286947e-05
21	229	-5.1400636981878379e-05
21	276	-5.1146530709962767e-05
22	22	3.0000000000000000e+00
23	23	8.0000000000000000e+00
24	4	-3.5648169631754764e-05
24	6	3.5764773862301063e-04
24	16	5.6626345152982840e-04
24	18	2.3264667490964024e-05
24	24	3.1204665649299382e-04
24	29	-3.5764773862302109e-04
24	34	-3.7969117047728581e-05
24	39	2.2131920735591628e-04
24	73	4.1855623899528172e-06
24	79	2.4369513935638189e-04
24	87	-2.8765722118419836e-05
24	119	3.1705845495855995e-05
24	157	9.6405609051428983e-06
24	163	-3.7091012527647817e-04
24	190	1.3585262420311899e-05
24	191	-2.4967434028581630e-05
24	196	-6.6036767296565914e-04
24	198	-3.5508547323318625e-05
24	201	-2.8199438028286947e-05
24	230	-5.1400636981878379e-05
24	280	-5.1146530709962767e-05
25	25	3.0000000000000000e+00
26	26	8.0000000000000000e+00
27	5	-3.5648169631754764e-05
27	6	1.1339216359586763e-03
27	16	-2.6426056663205746e-04
27	19	2.3264667490964024e-05
27	27	3.1204665649299382e-04
27	29	-1.1339216359586757e-03
27	37	-3.7969117047728581e-05
27	39	2.2035973779767056e-04
27	76	4.1855623899528172e-06
27	79	-4.8222925820454849e-04
27	92	-2.8765722118419836e-05
27	123	3.1705845495855995e-05
27	161	9.6405609051428983e-06
27	163	3.5848803480119075e-04
27	193	1.3585262420311899e-05
27	194	-2.4967434028581630e-05
27	196	1.6764205223774496e-04
27	199	-3.5508547323318625e-05
27	202	-2.8199438028286947e-05
27	231	-5.1400636981878379e-05
27	281	-5.1146530709962767e-05
28	28	3.0000000000000000e+00
29	3	-9.5551566546343185e-05
29	4	8.9411934655756519e-05
29	5	2.8348040898967488e-04
29	17	7.7126660086754956e-05
29	18	-3.7673716287005819e-04
29	19	-5.1350920230002850e-04
29	21	3.8220626618536396e-04
29	24	-3.5764773862302109e-04
29	27	-1.1339216359586757e-03
29	31	-9.1667495047057602e-05
29	34	-2.1764795830124425e-04
29	37	-3.9483870270347560e-04
29	69	-2.4016143748103162e-04
29	73	1.3801541640381864e-04
29	76	5.5716066459579193e-07
29	82	1.9856993338291442e-04
29	87	-5.6930646516895262e-04
29	92	-1.5679010581426221e-04
29	116	3.3269466296564725e-04
29	119	-2.3871746065354363e-04
29	123	-4.7721341284832485e-04
29	153	1.0196941573925575e-04
29	157	-1.4849451719508254e-05
29	161	-4.1722845428216019e-04
29	187	-1.8368486570906825e-04
29	188	5.9356036456949322e-04
29	190	-2.5771591159181895e-04
29	191	2.2476308254628364e-04
29	193	1.1306768444362524e-04
29	194	-1.9040121736761391e-04
29	197	3.4428928862612513e-04
29	198	1.3265655629832171e-04
29	199	-4.6505349978337896e-04
29	200	9.6064574992410208e-04
29	201	-5.5206166561526295e-04
29	202	-2.2286426583866372e-06
29	204	5.5896562618183774e-04
29	206	-1.6694076412859425e-05
29	208	3.5774544253237692e-04
29	211	2.3750091274831562e-04
29	214	-5.0416841154144983e-04
29	217	4.6220200818106042e-04
29	229	7.3473946283626810e-04
29	230	1.7382465298564748e-03
29	231	-4.5227073777449737e-04
29	232	3.9045017421013734e-04
29	233	5.3191042368841153e-04
29	234	1.2782762008881169e-05
29	276	1.4117909826677193e-04
29	280	4.6501434671229844e-04
29	281	-2.6186952040687831e-04
30	30	4.0000000000000000e+00
31	3	-3.1265541791324999e-05
31	6	-7.7639544495494987e-04
31	7	-4.9714170643837926e-05
31	12	9.1667495047057033e-05
31	16	-1.8347025204786248e-05
31	17	-2.1052990447591775e-05
31	21	-3.7969117047728581e-05
31	29	-9.1667495047057602e-05
31	31	2.5796631189883027e-04
31	39	7.7639544495494673e-04
31	153	-6.1017197267746011e-05
31	163	1.8347025204785611e-05
32	32	2.0000000000000000e+00
33	33	4.0000000000000000e+00
34	4	-3.1265541791324999e-05
34	6	-4.6700575130532686e-05
34	9	-4.9714170643837926e-05
34	12	2.1764795830124455e-04
34	16	3.1757696977623503e-04
34	18	-2.1052990447591775e-05
34	24	-3.7969117047728581e-05
34	29	-2.1764795830124425e-04
34	34	2.5796631189883027e-04
34	39	4.6700575130532442e-05
34	157	-6.1017197267746011e-05
34	163	-3.1757696977623530e-04
35	35	2.0000000000000000e+00
36	36	4.0000000000000000e+00
37	5	-3.1265541791324999e-05
37	6	2.1338391684140676e-04
37	11	-4.9714170643837926e-05
37	12	3.9483870270347549e-04
37	16	-3.1769337233751924e-04
37	19	-2.1052990447591775e-05
37	27	-3.7969117047728581e-05
37	29	-3.9483870270347560e-04
37	37	2.5796631189883027e-04
37	39	-2.1338391684140600e-04
37	161	-6.1017197267746011e-05
37	163	3.1769337233751967e-04
38	38	2.0000000000000000e+00
39	3	-1.9409886123874251e-04
39	4	-1.1675143782633463e-05
39	5	5.3345979210353087e-05
39	7	2.2336700018517962e-04
39	9	-1.7461863222538384e-04
39	11	-4.3374365463907770e-04
39	17	4.5217911402595858e-04
39	18	-2.6262941058420239e-04
39	19	1.6923980438259472e-04
39	21	5.5302844476977277e-04
39	24	2.2131920735591628e-04
39	27	2.2035973779767056e-04
39	31	7.7639544495494673e-04
39	34	4.6700575130532442e-05
39	37	-2.1338391684140600e-04
39	153	3.2421633092899487e-04
39	157	3.0932998571473559e-04
39	161	-3.8262372122400290e-04
40	40	2.0000000000000000e+00
41	41	2.0000000000000000e+00
42	42	2.0000000000000000e+00
43	43	2.0000000000000000e+00
44	44	3.0000000000000000e+00
45	45	3.0000000000000000e+00
46	46	3.0000000000000000e+00
47	47	2.0000000000000000e+00
48	3	1.4608000700347135e-05
48	6	-1.7462653382716532e-04
48	7	3.5959038474687394e-06
48	12	-2.3050668569894744e-04
48	16	-2.8889050517768287e-04
48	17	5.6970900539074072e-06
48	48	4.1186035892343471e-04
48	51	-1.1212004271621143e-05
48	52	-5.0858766812874950e-05
48	66	-8.8420711556734186e-05
48	67	5.6807735700481249e-05
48	69	1.3096000299880991e-05
48	70	-3.1589100385096154e-06
48	71	3.8242801139972976e-06
48	78	1.2126773525284568e-04
48	79	3.2270877840758416e-04
48	80	-7.3784195824560530e-05
48	81	5.0156059088232082e-06
48	82	7.7283663516962780e-06
48	83	-4.3584046072196027e-05
48	99	-5.7280841658120620e-05
48	110	-3.6623105867936829e-04
48	111	-1.9561983259496526e-05
48	112	4.1412656398923394e-07
48	113	1.8989596995629847e-06
48	114	-9.0336118229307834e-06
48	115	-6.3982868899127736e-05
48	116	8.2930993710926940e-06
48	117	5.4490210325952582e-06
48	118	-1.3035991847833065e-05
48	127	1.6681687035762430e-05
48	128	5.6479135761391708e-06
48	133	-1.8972299321706732e-04
48	134	-7.1572075624785024e-05
48	137	1.4652829350035669e-06
48	138	9.8327934938066889e-06
48	140	1.7925489881228569e-06
48	150	-8.3427626107260058e-05
48	239	-4.4343520778373596e-05
48	250	-3.0896929566295709e-04
48	251	3.0485670722628656e-06
48	285	3.3594845037832471e-05
48	286	-1.5226740795168620e-04
48	287	6.0727302361719649e-06
48	288	1.6623657164788563e-05
48	297	7.1912901512673037e-04
48	300	-7.5994562635522232e-06
48	301	9.4596297281203865e-06
48	302	-1.7632434557980603e-05
48	303	7.8614296661894801e-06
48	319	-3.5597103876350702e-05
48	320	1.1736500464088689e-04
48	354	1.2044199878177232e-05
48	473	5.4026869233798960e-06
48	476	9.8799346914495879e-06
48	487	5.5602823504334543e-04
48	490	1.0686643601012109e-05
48	492	3.9051951932517739e-06
48	547	-4.6078177289178802e-05
48	548	7.3856402934372651e-06
48	549	-8.3431241410909039e-05
48	550	2.3136136511125507e-05
48	561	1.2313061027480754e-04
48	566	-5.2591757298720666e-05
48	577	-3.2853792230519039e-04
48	590	-2.8931284913658013e-06
48	592	6.3434977472923364e-06
48	595	5.2740200886881303e-07
48	612	7.8493321662026342e-05
48	613	3.4153896632683390e-06
48	614	1.3703037662275814e-06
48	619	-5.8703362029255150e-06
48	622	8.8904714792156150e-06
48	669	6.0287423218030915e-06
49	49	9.0000000000000000e+00
50	50	1.5000000000000000e+01
51	16	8.1918308862242344e-04
51	48	-1.1212004271621143e-05
51	51	3.6057274401961656e-04
51	52	-8.0263929092652951e-05
51	66	4.6265886281422481e-04
51	67	-2.2723094280192218e-04
51	68	2.2723094280192174e-04
51	69	7.6124499278193169e-06
51	79	-4.6265886281422427e-04
51	80	4.1313600181320020e-06
51	81	-1.8771179596480774e-05
51	82	-4.2766368299280562e-05
51	83	-2.1454309482905301e-05
51	285	1.0848355995798351e-05
51	286	4.5564642436800628e-06
51	287	-2.6238885876783735e-05
51	288	-7.4554639060275270e-05
51	297	-8.1918308862242322e-04
51	354	-3.3943211256200233e-05
52	16	3.6186400996670226e-04
52	48	-5.0858766812874950e-05
52	51	-8.0263929092652951e-05
52	52	3.7014503734097146e-04
52	66	3.5368284622692655e-04
52	67	-3.4797338933616851e-04
52	68	-3.5368284622692688e-04
52	83	-6.2331898153091923e-06
52	99	-6.6163579717946116e-05
52	110	6.5719607801346751e-04
52	285	3.4051786691384480e-06
52	286	1.3800360428615580e-05
52	287	-2.3274029654469399e-05
52	288	-6.0639262400400197e-06
52	297	-6.1556677288970092e-04
52	302	-3.7775510062333295e-05
52	303	-2.5324548563767294e-05
52	319	-5.5519925754298979e-05
53	53	4.0000000000000000e+00
54	54	9.0000000000000000e+00
55	55	1.5000000000000000e+01
56	4	1.4608000700347135e-05
56	6	3.6297186159398823e-04
56	9	3.5959038474687394e-06
56	12	7.7681859596576689e-05
56	16	1.1840568710822886e-04
56	18	5.6970900539074072e-06
56	56	4.1186035892343471e-04
56	57	-1.1212004271621143e-05
56	58	-5.0858766812874950e-05
56	66	-2.3672851161225659e-04
56	67	-1.1266175838898563e-04
56	72	-3.1589100385096154e-06
56	73	1.3096000299880991e-05
56	74	3.8242801139972976e-06
56	78	3.6163205983354027e-04
56	79	2.2070324131312383e-04
56	85	-7.3784195824560530e-05
56	86	5.0156059088232082e-06
56	87	7.7283663516962780e-06
56	88	-4.3584046072196027e-05
56	103	-5.7280841658120620e-05
56	110	-1.1108531642076925e-04
56	119	8.2930993710926940e-06
56	120	-6.3982868899127736e-05
56	121	5.4490210325952582e-06
56	122	-1.3035991847833065e-05
56	129	1.6681687035762430e-05
56	130	5.6479135761391708e-06
56	133	3.3666578430762556e-04
56	135	-7.1572075624785024e-05
56	139	4.1412656398923394e-07
56	141	1.8989596995629847e-06
56	142	-9.0336118229307834e-06
56	143	1.7925489881228569e-06
56	144	-1.9561983259496526e-05
56	150	1.3806916903611241e-04
56	168	1.4652829350035669e-06
56	169	9.8327934938066889e-06
56	243	-4.4343520778373596e-05
56	250	5.9064028244648606e-05
56	252	3.0485670722628656e-06
56	289	3.3594845037832471e-05
56	290	-1.5226740795168620e-04
56	291	6.0727302361719649e-06
56	292	1.6623657164788563e-05
56	297	-5.4518696739456714e-04
56	307	-7.5994562635522232e-06
56	308	9.4596297281203865e-06
56	309	-1.7632434557980603e-05
56	310	7.8614296661894801e-06
56	319	-2.8143838841062101e-04
56	320	-2.3642229405878516e-04
56	362	1.2044199878177232e-05
56	477	5.4026869233798960e-06
56	481	9.8799346914495879e-06
56	487	-4.8648236431974421e-05
56	494	1.0686643601012109e-05
56	496	3.9051951932517739e-06
56	552	-4.6078177289178802e-05
56	553	7.3856402934372651e-06
56	554	-8.3431241410909039e-05
56	555	2.3136136511125507e-05
56	561	-1.5028869585676663e-04
56	570	-5.2591757298720666e-05
56	577	-1.2325441817848074e-04
56	598	-2.8931284913658013e-06
56	599	6.3434977472923364e-06
56	602	5.2740200886881303e-07
56	612	1.7052089571932352e-04
56	615	3.4153896632683390e-06
56	616	1.3703037662275814e-06
56	620	-5.8703362029255150e-06
56	623	8.8904714792156150e-06
56	670	6.0287423218030915e-06
57	16	-5.7458767589395831e-04
57	56	-1.1212004271621143e-05
57	57	3.6057274401961656e-04
57	58	-8.0263929092652951e-05
57	66	8.5761767670782104e-04
57	67	4.5064703355593308e-04
57	68	-4.5064703355592506e-04
57	73	7.6124499278193169e-06
57	79	-8.5761767670781562e-04
57	85	4.1313600181320020e-06
57	86	-1.8771179596480774e-05
57	87	-4.2766368299280562e-05
57	88	-2.1454309482905301e-05
57	289	1.0848355995798351e-05
57	290	4.5564642436800628e-06
57	291	-2.6238885876783735e-05
57	292	-7.4554639060275270e-05
57	297	5.7458767589396178e-04
57	362	-3.3943211256200233e-05
58	16	-4.0170365119187180e-04
58	56	-5.0858766812874950e-05
58	57	-8.0263929092652951e-05
58	58	3.7014503734097146e-04
58	66	9.4691404644900337e-04
58	67	-3.4582962259809978e-04
58	68	-9.4691404644899470e-04
58	88	-6.2331898153091923e-06
58	103	-6.6163579717946116e-05
58	110	-2.1628527839505439e-05
58	289	3.4051786691384480e-06
58	290	1.3800360428615580e-05
58	291	-2.3274029654469399e-05
58	292	-6.0639262400400197e-06
58	297	2.9661652597764396e-04
58	309	-3.7775510062333295e-05
58	310	-2.5324548563767294e-05
58	319	4.7254527565184222e-04
59	59	4.0000000000000000e+00
60	60	9.0000000000000000e+00
61	61	1.5000000000000000e+01
62	5	1.4608000700347135e-05
62	6	1.6146081206606805e-04
62	11	3.5959038474687394e-06
62	12	1.8596656191541177e-05
62	16	2.8361944867326687e-04
62	19	5.6970900539074072e-06
62	62	4.1186035892343471e-04
62	63	-1.1212004271621143e-05
62	64	-5.0858766812874950e-05
62	66	1.6322258395144691e-04
62	67	2.9464277201355119e-04
62	75	-3.1589100385096154e-06
62	76	1.3096000299880991e-05
62	77	3.8242801139972976e-06
62	78	5.1634286234300409e-05
62	79	5.5010140987604879e-04
62	90	-7.3784195824560530e-05
62	91	5.0156059088232082e-06
62	92	7.7283663516962780e-06
62	93	-4.3584046072196027e-05
62	107	-5.7280841658120620e-05
62	110	-8.9099101316409596e-06
62	123	8.2930993710926940e-06
62	124	-6.3982868899127736e-05
62	125	5.4490210325952582e-06
62	126	-1.3035991847833065e-05
62	131	1.6681687035762430e-05
62	132	5.6479135761391708e-06
62	133	-2.7907869795861553e-04
62	136	-7.1572075624785024e-05
62	145	4.1412656398923394e-07
62	146	1.8989596995629847e-06
62	147	-9.0336118229307834e-06
62	148	1.7925489881228569e-06
62	149	-1.9561983259496526e-05
62	150	-4.3419636349601924e-05
62	170	1.4652829350035669e-06
62	171	9.8327934938066889e-06
62	247	-4.4343520778373596e-05
62	250	-2.2263494339026742e-04
62	253	3.0485670722628656e-06
62	293	3.3594845037832471e-05
62	294	-1.5226740795168620e-04
62	295	6.0727302361719649e-06
62	296	1.6623657164788563e-05
62	297	1.4995906273636837e-04
62	314	-7.5994562635522232e-06
62	315	9.4596297281203865e-06
62	316	-1.7632434557980603e-05
62	317	7.8614296661894801e-06
62	319	8.9777160864933412e-05
62	320	-1.5241132775179879e-04
62	370	1.2044199878177232e-05
62	482	5.4026869233798960e-06
62	486	9.8799346914495879e-06
62	487	-5.8304973243853167e-05
62	498	1.0686643601012109e-05
62	500	3.9051951932517739e-06
62	557	-4.6078177289178802e-05
62	558	7.3856402934372651e-06
62	559	-8.3431241410909039e-05
62	560	2.3136136511125507e-05
62	561	-5.6589267383462701e-04
62	574	-5.2591757298720666e-05
62	577	-1.5390540423023273e-04
62	605	-2.8931284913658013e-06
62	606	6.3434977472923364e-06
62	609	5.2740200886881303e-07
62	612	-2.7845662571688911e-04
62	617	3.4153896632683390e-06
62	618	1.3703037662275814e-06
62	621	-5.8703362029255150e-06
62	624	8.8904714792156150e-06
62	671	6.0287423218030915e-06
63	16	-1.4899097051095033e-04
63	62	-1.1212004271621143e-05
63	63	3.6057274401961656e-04
63	64	-8.0263929092652951e-05
63	66	4.9702519078577011e-04
63	67	-1.1785710880541861e-03
63	68	1.1785710880541748e-03
63	76	7.6124499278193169e-06
63	79	-4.9702519078577423e-04
63	90	4.1313600181320020e-06
63	91	-1.8771179596480774e-05
63	92	-4.2766368299280562e-05
63	93	-2.1454309482905301e-05
63	293	1.0848355995798351e-05
63	294	4.5564642436800628e-06
63	295	-2.6238885876783735e-05
63	296	-7.4554639060275270e-05
63	297	1.4899097051094463e-04
63	370	-3.3943211256200233e-05
64	16	-2.0439380783725768e-04
64	62	-5.0858766812874950e-05
64	63	-8.0263929092652951e-05
64	64	3.7014503734097146e-04
64	66	-6.5289033580577516e-04
64	67	-6.9450332732315856e-04
64	68	6.5289033580576378e-04
64	93	-6.2331898153091923e-06
64	107	-6.6163579717946116e-05
64	110	4.9040000968526474e-04
64	293	3.4051786691384480e-06
64	294	1.3800360428615580e-05
64	295	-2.3274029654469399e-05
64	296	-6.0639262400400197e-06
64	297	-1.2298233557693136e-04
64	316	-3.7775510062333295e-05
64	317	-2.5324548563767294e-05
64	319	5.3147946105207376e-04
65	65	4.0000000000000000e+00
66	48	-8.8420711556734186e-05
66	51	4.6265886281422481e-04
66	52	3.5368284622692655e-04
66	56	-2.3672851161225659e-04
66	57	8.5761767670782104e-04
66	58	9.4691404644900337e-04
66	62	1.6322258395144691e-04
66	63	4.9702519078577011e-04
66	64	-6.5289033580577516e-04
66	83	1.1850372786005603e-04
66	88	5.4722218868471931e-04
66	93	1.1068230552755730e-05
66	99	-2.2165395542618450e-04
66	103	1.7142442566593915e-04
66	107	-5.6508266474594249e-04
66	285	-2.1409087314303271e-04
66	286	2.8477637407023349e-04
66	287	6.4801957198244611e-04
66	288	8.5636349257211847e-04
66	289	-8.3952457395990168e-05
66	290	4.2023571373309978e-04
66	291	4.8782154856239586e-04
66	292	3.3580982958395552e-04
66	293	8.0314282649250688e-05
66	294	-3.0981070172440340e-04
66	295	7.5858120539900155e-04
66	296	-3.2125713059699950e-04
66	302	6.3080683135529074e-05
66	303	2.0834392058967469e-04
66	309	-1.0267191189357101e-04
66	310	-1.5201171897843928e-04
66	316	-9.3898072647972117e-04
66	317	-1.0798383359960015e-03
66	321	-1.8671913726239423e-04
66	322	1.3032074228270331e-04
66	323	-6.3845960684472277e-05
66	325	5.7158711850188292e-04
66	326	7.4687654904956064e-04
66	327	8.5539683381252935e-05
66	329	-8.4425884149144962e-05
66	330	-5.2128296913080087e-04
66	331	-3.3611117217452826e-04
66	333	-1.1446428872594039e-05
66	334	2.5538384273788488e-04
66	335	-5.6820326904451646e-04
66	338	1.7528943054767628e-04
66	342	-4.3685708498165216e-04
66	346	2.6683027161047502e-04
66	350	6.6133686566830527e-04
66	381	-1.8517179695627577e-04
66	384	8.2358711178239993e-04
67	48	5.6807735700481249e-05
67	51	-2.2723094280192218e-04
67	52	-3.4797338933616851e-04
67	56	-1.1266175838898563e-04
67	57	4.5064703355593308e-04
67	58	-3.4582962259809978e-04
67	62	2.9464277201355119e-04
67	63	-1.1785710880541861e-03
67	64	-6.9450332732315856e-04
67	69	-2.3665368469431985e-04
67	73	-4.6032871235013030e-04
67	76	5.9833570962872482e-05
67	80	1.2074244653424569e-04
67	81	9.4661473877725891e-04
67	82	-1.7714350232892734e-04
67	83	-4.1456197904786560e-04
67	85	7.9647665615403015e-04
67	86	1.8413148494004728e-03
67	87	7.7267752338377755e-04
67	88	4.2852531182001877e-04
67	90	-4.8406776073102372e-04
67	91	-2.3933428385148291e-04
67	92	-3.2003119358195708e-04
67	93	-5.0151814924850825e-04
67	211	-1.2585152838617998e-05
67	214	5.2706307488521319e-04
67	217	3.2181353547327369e-05
67	285	-2.2494403783612251e-04
67	286	1.8733103624594166e-04
67	287	8.9977615134448450e-04
67	288	-2.2097040705887364e-04
67	289	-4.0738392935598747e-05
67	290	2.2121721735914171e-05
67	291	1.6295357174239450e-04
67	292	-3.4172516307461292e-04
67	293	3.8284232220618111e-04
67	294	-6.7705293880568080e-04
67	295	-1.5313692888247153e-03
67	296	-1.0103523987582369e-03
67	321	-1.2604016542517034e-04
67	322	2.1401294845487594e-04
67	323	2.5407455262510759e-04
67	325	2.3732507834765311e-04
67	326	-3.1245566698957750e-04
67	329	-1.2243741592683110e-04
67	330	-1.5079155649835814e-04
67	333	-7.7758267440935548e-04
67	334	-9.0414597024050640e-04
67	338	-1.2190178139342159e-04
67	342	-4.0833921687147360e-04
67	346	-3.2674573592032997e-04
67	350	5.0416066170066748e-04
67	351	-5.2515653896507768e-04
67	353	8.3845744508162599e-04
67	354	7.0402052483744247e-04
67	355	8.9184607031680691e-04
67	360	-1.7459802933397332e-05
67	361	5.1777511836122777e-04
67	362	5.8371852725242661e-04
67	363	1.8422947349789492e-04
67	368	-1.5367164250890049e-04
67	369	2.1255212333221284e-04
67	370	-3.5800957041631093e-04
67	371	-2.3974099525983901e-04
67	377	8.0546339831234922e-04
67	378	2.1006261558602652e-03
67	379	-4.0431495345659701e-04
67	380	6.9839211733589354e-05
67	381	-8.5605179381949249e-04
67	382	-7.4977119820889156e-05
67	383	6.1468657003558723e-04
67	384	-1.0162982105004126e-03
67	389	3.9989029512433585e-04
67	393	-6.2622044488571782e-04
67	397	5.0855079390256576e-05
67	402	4.5670531246628935e-04
67	403	5.9717128638738632e-04
67	406	-4.3620953171045692e-05
67	407	-4.7235257296440432e-04
67	410	4.7711156652426278e-04
67	411	2.6292974617552449e-04
67	425	4.1973771626874364e-04
67	429	4.8491879876428294e-04
67	433	4.3870648014678200e-04
67	704	6.1160879915608259e-04
67	707	3.5796231120009014e-04
67	710	5.9149781911991596e-04
68	3	1.7462653382716763e-04
68	4	-3.6297186159399219e-04
68	5	-1.6146081206606935e-04
68	7	-2.2614118401072654e-04
68	9	3.2832881699130113e-04
68	11	1.6510362748854248e-04
68	17	-2.6324751153092692e-04
68	18	4.5433482370561666e-04
68	19	3.9400841154331684e-04
68	51	2.2723094280192174e-04
68	52	-3.5368284622692688e-04
68	57	-4.5064703355592506e-04
68	58	-9.4691404644899470e-04
68	63	1.1785710880541748e-03
68	64	6.5289033580576378e-04
68	69	-3.2270877840759034e-04
68	70	-1.2126773525284525e-04
68	71	5.2649099995500867e-04
68	72	-3.6163205983354184e-04
68	73	-2.2070324131312865e-04
68	74	5.6559201296296421e-04
68	75	-5.1634286234300253e-05
68	76	-5.5010140987605811e-04
68	77	6.2755353944862020e-04
68	80	1.2908351136303353e-03
68	81	3.4191641627998308e-04
68	82	-2.8527445972173168e-04
68	83	-1.1555620207107000e-03
68	85	8.8281296525248988e-04
68	86	6.1141020553789969e-05
68	87	4.9898460960586064e-04
68	88	4.7362274843291280e-04
68	90	2.2004056395041917e-03
68	91	9.8109295151679616e-04
68	92	7.7912390978751643e-04
68	93	1.1344777946930458e-03
68	99	-1.4649242347174237e-03
68	103	-4.4434126568306247e-04
68	107	-3.5639640526562578e-05
68	111	-9.2202674279576733e-04
68	112	8.3427626107261969e-05
68	113	-7.9960108020273756e-05
68	114	-3.3371050442903980e-04
68	115	-6.9850613530866780e-04
68	116	-2.3909912668562393e-04
68	117	-3.5529851575745913e-04
68	118	4.8507094101137981e-04
68	119	6.1872101551000520e-04
68	120	1.4518874463759521e-03
68	121	6.8652506931694889e-04
68	122	1.4465282393341544e-03
68	123	5.6235293222515689e-04
68	124	6.4584324826427123e-04
68	125	2.1253419491458996e-04
68	126	2.0653714493720039e-04
68	127	1.8972299321707212e-04
68	128	-3.3418779880659596e-04
68	129	-3.3666578430763185e-04
68	130	6.3087340807531920e-04
68	131	2.7907869795861992e-04
68	132	-2.7192167386022131e-04
68	134	-7.5889197286828011e-04
68	135	1.3466631372305018e-03
68	136	-1.1163147918344628e-03
68	137	-8.9353971816218992e-05
68	138	-2.3326582461230538e-04
68	139	-1.3806916903611499e-04
68	140	-2.4435653261281945e-04
68	141	3.1102755335337973e-04
68	142	5.5227667614444857e-04
68	143	2.5965351790716658e-04
68	144	3.1072743838630594e-04
68	145	4.3419636349602744e-05
68	146	3.9300641806361793e-05
68	147	-1.7367854539840659e-04
68	148	-3.1381975717777167e-05
68	149	7.4386624766163570e-05
68	168	2.9262315823727820e-04
68	169	5.0483761387463781e-04
68	170	-1.4229656968062934e-04
68	171	-8.1613311449433456e-05
68	239	-1.2358771826517963e-03
68	243	2.3625611297859058e-04
68	247	-8.9053977356104712e-04
68	251	-2.5375039640876732e-04
68	252	2.4124912279106792e-04
68	253	-2.1297918720476921e-04
68	285	-7.1912901512672452e-04
68	286	2.8765160605068538e-03
68	287	6.3185205237647742e-04
68	288	3.3079039881946830e-04
68	289	5.4518696739455836e-04
68	290	-2.1807478695782066e-03
68	291	-5.9670939762986963e-04
68	292	-7.1685223971074022e-04
68	293	-1.4995906273636858e-04
68	294	5.9983625094546435e-04
68	295	5.2806196829472980e-04
68	296	4.3279303730133130e-04
68	300	4.6946001856353189e-04
68	301	1.0218230213439690e-03
68	302	-1.4238841550539416e-04
68	303	5.8927429694881253e-04
68	307	-9.4568917623510679e-04
68	308	-7.0272794678978763e-04
68	309	-1.1257535536424487e-03
68	310	-7.8722297638873567e-04
68	314	-6.0964531100717652e-04
68	315	-3.0556654258310757e-04
68	316	3.5910864345972313e-04
68	317	4.6859315032159193e-04
68	354	1.0496185733970508e-03
68	362	-1.8176365731632885e-04
68	370	7.9372819026803847e-04
68	473	-5.5602823504335161e-04
68	476	1.0262962369480180e-03
68	477	4.8648236431972239e-05
68	481	-5.9598043064570169e-04
68	482	5.8304973243853370e-05
68	486	-3.3887189738582616e-06
68	490	1.1880178240359703e-03
68	492	9.2877339389730879e-04
68	494	2.0295092918869981e-04
68	496	4.6959015236892703e-04
68	498	6.5695975576222140e-04
68	500	1.9013532004409189e-04
68	547	2.2241129401733830e-03
68	548	7.4332737627442590e-04
68	549	4.9252244109921749e-04
68	550	1.1033775411799511e-03
68	552	-1.9459294572789698e-04
68	553	-6.4760669321246086e-04
68	554	-6.0115478342704178e-04
68	555	-7.8023909067525383e-04
68	557	-2.3321989297540847e-04
68	558	-7.4108492808643207e-04
68	559	-2.2635706953384625e-03
68	560	-7.1454858273778898e-04
68	566	-1.3141516892207176e-03
68	570	-4.9301767271390671e-04
68	574	-6.1562161692091150e-04
68	590	-7.8493321662026030e-05
68	592	-2.4783776254290501e-04
68	595	2.0436380273449904e-04
68	598	-1.7052089571932758e-04
68	599	5.0022343203252754e-04
68	602	5.4047583594415234e-04
68	605	2.7845662571689454e-04
